8.949717e-001           *   4.318009e-003  4.402675e-003
9.026944e-001           *   8.382017e-003  8.466684e-003
9.104170e-001           *   1.447803e-002  1.524003e-002
9.258624e-001 4.233342e-004 4.292609e-002  4.368809e-002
9.335850e-001 7.620015e-004 6.832614e-002  6.942681e-002
9.418226e-001 1.439336e-003 1.038862e-001  1.060029e-001
9.495452e-001 2.794006e-003 1.475743e-001  1.507070e-001
9.572679e-001 4.826010e-003 1.973584e-001  2.021844e-001
9.649906e-001 7.196681e-003 2.501905e-001  2.577258e-001
9.809507e-001 1.295403e-002 4.229108e-001  4.365422e-001
9.891883e-001 1.769537e-002 6.423673e-001  6.600627e-001
9.969109e-001 2.446872e-002 1.023368e+000  1.047498e+000
1.005148e+000 3.395140e-002 1.565913e+000  1.600203e+000
1.013386e+000 4.682076e-002 2.039370e+000  2.086530e+000
1.021623e+000 6.138346e-002 2.261875e+000  2.323597e+000
1.038099e+000 9.084752e-002 2.595123e+000  2.686648e+000
1.046336e+000 1.071035e-001 2.739395e+000  2.846499e+000
1.054574e+000 1.243756e-001 2.862332e+000  2.987385e+000
1.062811e+000 1.423250e-001 2.970028e+000  3.113369e+000
1.071049e+000 1.609517e-001 3.070612e+000  3.231225e+000
1.079801e+000 1.799170e-001 3.162052e+000  3.342308e+000
1.096276e+000 2.188638e-001 3.318517e+000  3.537380e+000
1.105028e+000 2.388451e-001 3.380493e+000  3.620015e+000
1.113781e+000 2.588265e-001 3.433325e+000  3.691813e+000
1.122018e+000 2.784692e-001 3.478029e+000  3.756837e+000
1.130771e+000 2.981119e-001 3.517653e+000  3.815088e+000
1.139523e+000 3.174160e-001 3.553213e+000  3.870629e+000
1.148275e+000 3.367200e-001 3.586741e+000  3.923461e+000
1.165780e+000 3.743121e-001 3.645669e+000  4.019643e+000
1.175047e+000 3.926001e-001 3.672085e+000  4.064347e+000
1.183800e+000 4.105495e-001 3.696469e+000  4.106342e+000
1.192552e+000 4.284989e-001 3.718821e+000  4.146982e+000
1.201819e+000 4.461096e-001 3.739141e+000  4.184912e+000
1.210571e+000 4.633816e-001 3.758446e+000  4.221488e+000
1.219839e+000 4.803150e-001 3.776734e+000  4.256710e+000
1.238373e+000 5.135044e-001 3.810262e+000  4.324443e+000
1.247640e+000 5.297604e-001 3.826518e+000  4.356955e+000
1.256907e+000 5.456778e-001 3.842774e+000  4.388113e+000
1.266175e+000 5.612565e-001 3.859030e+000  4.420625e+000
1.275442e+000 5.768352e-001 3.874270e+000  4.451782e+000
1.284709e+000 5.920752e-001 3.889510e+000  4.481585e+000
1.293976e+000 6.069765e-001 3.904750e+000  4.511388e+000
1.303758e+000 6.218779e-001 3.919990e+000  4.541190e+000
1.322808e+000 6.510033e-001 3.949454e+000  4.599441e+000
1.332590e+000 6.652273e-001 3.963678e+000  4.629244e+000
1.342372e+000 6.791127e-001 3.977902e+000  4.656337e+000
1.351639e+000 6.929981e-001 3.991110e+000  4.684785e+000
1.361936e+000 7.065447e-001 4.005334e+000  4.711879e+000
1.371718e+000 7.197528e-001 4.018542e+000  4.738972e+000
1.381500e+000 7.329608e-001 4.031750e+000  4.764711e+000
1.391282e+000 7.461688e-001 4.044958e+000  4.791804e+000
1.401064e+000 7.586995e-001 4.058166e+000  4.816188e+000
1.421658e+000 7.837609e-001 4.083566e+000  4.867666e+000
1.431440e+000 7.962916e-001 4.095758e+000  4.892050e+000
1.441737e+000 8.081449e-001 4.107950e+000  4.916434e+000
1.452034e+000 8.199983e-001 4.120142e+000  4.939463e+000
1.462331e+000 8.318517e-001 4.131318e+000  4.963847e+000
1.472627e+000 8.433664e-001 4.143510e+000  4.986877e+000
1.482924e+000 8.545424e-001 4.154686e+000  5.009906e+000
1.493736e+000 8.657184e-001 4.166878e+000  5.032935e+000
1.504033e+000 8.768944e-001 4.178054e+000  5.054610e+000
1.514330e+000 8.877318e-001 4.189230e+000  5.076285e+000
1.535953e+000 9.090678e-001 4.210566e+000  5.119634e+000
1.546765e+000 9.195665e-001 4.221742e+000  5.141309e+000
1.557577e+000 9.297265e-001 4.231902e+000  5.161629e+000
1.568389e+000 9.398865e-001 4.242062e+000  5.181949e+000
1.579200e+000 9.497079e-001 4.252223e+000  5.202269e+000
1.590012e+000 9.595293e-001 4.262383e+000  5.222589e+000
1.600824e+000 9.690119e-001 4.272543e+000  5.241554e+000
1.612150e+000 9.784946e-001 4.281687e+000  5.260520e+000
1.622962e+000 9.879773e-001 4.291847e+000  5.279485e+000
1.634289e+000 9.971213e-001 4.300991e+000  5.297096e+000
1.656942e+000 1.015071e+000 4.318263e+000  5.333672e+000
1.668268e+000 1.023876e+000 4.327407e+000  5.351283e+000
1.679595e+000 1.032681e+000 4.335535e+000  5.367539e+000
1.690922e+000 1.041148e+000 4.343663e+000  5.385149e+000
1.702763e+000 1.049276e+000 4.351791e+000  5.401405e+000
1.714090e+000 1.057743e+000 4.359919e+000  5.417662e+000
1.725931e+000 1.065871e+000 4.367031e+000  5.432563e+000
1.737258e+000 1.073660e+000 4.374143e+000  5.448819e+000
1.749099e+000 1.081788e+000 4.381255e+000  5.463720e+000
1.760940e+000 1.089239e+000 4.388367e+000  5.478622e+000
1.772782e+000 1.097028e+000 4.395479e+000  5.492168e+000
1.784623e+000 1.104479e+000 4.402591e+000  5.507070e+000
1.808821e+000 1.119042e+000 4.415799e+000  5.534163e+000
1.821177e+000 1.126154e+000 4.421895e+000  5.547710e+000
1.833534e+000 1.133266e+000 4.427991e+000  5.561256e+000
1.845375e+000 1.140039e+000 4.434087e+000  5.573448e+000
1.857731e+000 1.147151e+000 4.440183e+000  5.586995e+000
1.870088e+000 1.153586e+000 4.445263e+000  5.599187e+000
1.882959e+000 1.160359e+000 4.451359e+000  5.611379e+000
1.895315e+000 1.166794e+000 4.456439e+000  5.623571e+000
1.907671e+000 1.173228e+000 4.461519e+000  5.635763e+000
1.920542e+000 1.179324e+000 4.467615e+000  5.646601e+000
1.933413e+000 1.185759e+000 4.472695e+000  5.657438e+000
1.946285e+000 1.191855e+000 4.477775e+000  5.669630e+000
1.959156e+000 1.197612e+000 4.482855e+000  5.680467e+000
1.984898e+000 1.209466e+000 4.491999e+000  5.700787e+000
1.998284e+000 1.214884e+000 4.497079e+000  5.711625e+000
2.011155e+000 1.220642e+000 4.501143e+000  5.722462e+000
2.024541e+000 1.226060e+000 4.506223e+000  5.731945e+000
2.037927e+000 1.231479e+000 4.510287e+000  5.741427e+000
2.051313e+000 1.236898e+000 4.514351e+000  5.752265e+000
2.064699e+000 1.241978e+000 4.519431e+000  5.761748e+000
2.078085e+000 1.247396e+000 4.523495e+000  5.771230e+000
2.091471e+000 1.252477e+000 4.527559e+000  5.779358e+000
2.105372e+000 1.257218e+000 4.531623e+000  5.788841e+000
2.119272e+000 1.262298e+000 4.535687e+000  5.798324e+000
2.132658e+000 1.267039e+000 4.539751e+000  5.807806e+000
2.146559e+000 1.272119e+000 4.543815e+000  5.815934e+000
2.160975e+000 1.276522e+000 4.547879e+000  5.825417e+000
2.174876e+000 1.281263e+000 4.551943e+000  5.833545e+000
2.188776e+000 1.286005e+000 4.556007e+000  5.843028e+000
2.217608e+000 1.294810e+000 4.565151e+000  5.859284e+000
2.231508e+000 1.299213e+000 4.569215e+000  5.867412e+000
2.245924e+000 1.303615e+000 4.572263e+000  5.876894e+000
2.260855e+000 1.308018e+000 4.576327e+000  5.885022e+000
2.275270e+000 1.312082e+000 4.580391e+000  5.893150e+000
2.289686e+000 1.316485e+000 4.584455e+000  5.901278e+000
2.304616e+000 1.320549e+000 4.588519e+000  5.909406e+000
2.319547e+000 1.324613e+000 4.592583e+000  5.917535e+000
2.334477e+000 1.328677e+000 4.596647e+000  5.925663e+000
2.349408e+000 1.332402e+000 4.600711e+000  5.932436e+000
2.364338e+000 1.336466e+000 4.604775e+000  5.940564e+000
2.379784e+000 1.340191e+000 4.607823e+000  5.948692e+000
2.394714e+000 1.343917e+000 4.611887e+000  5.955465e+000
2.410160e+000 1.347642e+000 4.615951e+000  5.963593e+000
2.425605e+000 1.351367e+000 4.620015e+000  5.970367e+000
2.441050e+000 1.355093e+000 4.623063e+000  5.978495e+000
2.456496e+000 1.358818e+000 4.627127e+000  5.985268e+000
2.472456e+000 1.362205e+000 4.630175e+000  5.992041e+000
2.487901e+000 1.365591e+000 4.634239e+000  5.998815e+000
2.519822e+000 1.372703e+000 4.640335e+000  6.013716e+000
2.535782e+000 1.375751e+000 4.643383e+000  6.019135e+000
2.551742e+000 1.379138e+000 4.647447e+000  6.025908e+000
2.568217e+000 1.382525e+000 4.650495e+000  6.032681e+000
2.584692e+000 1.385573e+000 4.653543e+000  6.039455e+000
2.600652e+000 1.388621e+000 4.656591e+000  6.044873e+000
2.617127e+000 1.392007e+000 4.659639e+000  6.051647e+000
2.634117e+000 1.395055e+000 4.662687e+000  6.057065e+000
2.650592e+000 1.397765e+000 4.664719e+000  6.062484e+000
2.667582e+000 1.400813e+000 4.667767e+000  6.069257e+000
2.684057e+000 1.403861e+000 4.670815e+000  6.074676e+000
2.701047e+000 1.406570e+000 4.672847e+000  6.080095e+000
2.718037e+000 1.409618e+000 4.675895e+000  6.085514e+000
2.735541e+000 1.412327e+000 4.677927e+000  6.090932e+000
2.752531e+000 1.415037e+000 4.680975e+000  6.094996e+000
2.770036e+000 1.417746e+000 4.683007e+000  6.100415e+000
2.787541e+000 1.420117e+000 4.685039e+000  6.105834e+000
2.805045e+000 1.422826e+000 4.687071e+000  6.109898e+000
2.822550e+000 1.425536e+000 4.690119e+000  6.115316e+000
2.840570e+000 1.427906e+000 4.692151e+000  6.119380e+000
2.858074e+000 1.430616e+000 4.694183e+000  6.124799e+000
2.876094e+000 1.432986e+000 4.696215e+000  6.128863e+000
2.894114e+000 1.435357e+000 4.698247e+000  6.132927e+000
2.912648e+000 1.437728e+000 4.700279e+000  6.138346e+000
2.949202e+000 1.442469e+000 4.704343e+000  6.146474e+000
2.967736e+000 1.444501e+000 4.705359e+000  6.150538e+000
2.986271e+000 1.446872e+000 4.707391e+000  6.154602e+000
3.004805e+000 1.448904e+000 4.709423e+000  6.158666e+000
3.023854e+000 1.451274e+000 4.711455e+000  6.162730e+000
3.042389e+000 1.453306e+000 4.712471e+000  6.165439e+000
3.061438e+000 1.455338e+000 4.714503e+000  6.169503e+000
3.081002e+000 1.457370e+000 4.715519e+000  6.173567e+000
3.100051e+000 1.459402e+000 4.717551e+000  6.177631e+000
3.119616e+000 1.461434e+000 4.719583e+000  6.180340e+000
3.138665e+000 1.463466e+000 4.720599e+000  6.184404e+000
3.158744e+000 1.465160e+000 4.721615e+000  6.187114e+000
3.178308e+000 1.467192e+000 4.723647e+000  6.191178e+000
3.197872e+000 1.468885e+000 4.724663e+000  6.193887e+000
3.217951e+000 1.470917e+000 4.726695e+000  6.196596e+000
3.238030e+000 1.472610e+000 4.727711e+000  6.200660e+000
3.258109e+000 1.474304e+000 4.728727e+000  6.203370e+000
3.278703e+000 1.475997e+000 4.729743e+000  6.206079e+000
3.298782e+000 1.477690e+000 4.731775e+000  6.208788e+000
3.319375e+000 1.479384e+000 4.732791e+000  6.212852e+000
3.339969e+000 1.481077e+000 4.733807e+000  6.215562e+000
3.361078e+000 1.482770e+000 4.734823e+000  6.218271e+000
3.381672e+000 1.484464e+000 4.735839e+000  6.220980e+000
3.402780e+000 1.485818e+000 4.736855e+000  6.223690e+000
3.423889e+000 1.487512e+000 4.737871e+000  6.226399e+000
3.444997e+000 1.488866e+000 4.739903e+000  6.227754e+000
3.466621e+000 1.490560e+000 4.740919e+000  6.230463e+000
3.488244e+000 1.491914e+000 4.741935e+000  6.233172e+000
3.509868e+000 1.493269e+000 4.742951e+000  6.235882e+000
3.531491e+000 1.494624e+000 4.743967e+000  6.238591e+000
3.553630e+000 1.495978e+000 4.743967e+000  6.239946e+000
3.575768e+000 1.497333e+000 4.744983e+000  6.242655e+000
3.597906e+000 1.498688e+000 4.745999e+000  6.245364e+000
3.620045e+000 1.500042e+000 4.747015e+000  6.246719e+000
3.642183e+000 1.501058e+000 4.748031e+000  6.249428e+000
3.664836e+000 1.502413e+000 4.749047e+000  6.252138e+000
3.687489e+000 1.503768e+000 4.750064e+000  6.253493e+000
3.710657e+000 1.504784e+000 4.751080e+000  6.256202e+000
3.733310e+000 1.506138e+000 4.752096e+000  6.257557e+000
3.756478e+000 1.507154e+000 4.752096e+000  6.260266e+000
3.803329e+000 1.509525e+000 4.754128e+000  6.264330e+000
3.826497e+000 1.510541e+000 4.755144e+000  6.265685e+000
3.850180e+000 1.511896e+000 4.756160e+000  6.267039e+000
3.873863e+000 1.512912e+000 4.756160e+000  6.269749e+000
3.898061e+000 1.513928e+000 4.757176e+000  6.271103e+000
3.922258e+000 1.514944e+000 4.758192e+000  6.272458e+000
3.946456e+000 1.515960e+000 4.759208e+000  6.275167e+000
3.970654e+000 1.516976e+000 4.759208e+000  6.276522e+000
3.994852e+000 1.517992e+000 4.760224e+000  6.277877e+000
4.019564e+000 1.519008e+000 4.761240e+000  6.280586e+000
4.044277e+000 1.520024e+000 4.761240e+000  6.281941e+000
4.069504e+000 1.521040e+000 4.762256e+000  6.283295e+000
4.094217e+000 1.522056e+000 4.763272e+000  6.284650e+000
4.119444e+000 1.522733e+000 4.763272e+000  6.286005e+000
4.145186e+000 1.523749e+000 4.764288e+000  6.288714e+000
4.170414e+000 1.524765e+000 4.765304e+000  6.290069e+000
4.196156e+000 1.525781e+000 4.765304e+000  6.291423e+000
4.221898e+000 1.526458e+000 4.766320e+000  6.292778e+000
4.248155e+000 1.527474e+000 4.766320e+000  6.294133e+000
4.274412e+000 1.528152e+000 4.767336e+000  6.295487e+000
4.300669e+000 1.529168e+000 4.768352e+000  6.296842e+000
4.326926e+000 1.529845e+000 4.768352e+000  6.298197e+000
4.353698e+000 1.530861e+000 4.768352e+000  6.299551e+000
4.380470e+000 1.531538e+000 4.769368e+000  6.300906e+000
4.407242e+000 1.532554e+000 4.769368e+000  6.302261e+000
4.434014e+000 1.533232e+000 4.770384e+000  6.303615e+000
4.461301e+000 1.533909e+000 4.770384e+000  6.304970e+000
4.488588e+000 1.534586e+000 4.770384e+000  6.304970e+000
4.516389e+000 1.535602e+000 4.771400e+000  6.306325e+000
4.544191e+000 1.536280e+000 4.771400e+000  6.307679e+000
