# screening: M_eff, kappa = 0.500
# MC samples, -100000
#
# Columns: g, eta/T^3, {lower, upper, omni} 
0.0010    4.409148e+12    4.409148e+12    4.409148e+12    4.409148e+12
0.0024    1.442219e+11    1.442219e+11    1.442219e+11    1.442219e+11
0.0056    4.942637e+09    4.942637e+09    4.942637e+09    4.942637e+09
0.0133    1.798699e+08    1.798699e+08    1.798699e+08    1.798699e+08
0.0316    6.913665e+06    6.913665e+06    6.913665e+06    6.913665e+06
0.0750    2.789694e+05    2.789694e+05    2.789694e+05    2.789694e+05
0.1778    1.212458e+04    1.212458e+04    1.212458e+04    1.212458e+04
0.4217    5.860243e+02    5.860243e+02    5.860243e+02    5.860243e+02
1.0000    5.615630e+01    5.615630e+01    5.615630e+01    5.615630e+01
