# screening: M_eff, kappa = 0.250
# MC samples, -100000
#
# Columns: g, eta/T^3, {lower, upper, omni} 
0.0010    4.381751e+12    4.381751e+12    4.381751e+12    4.381751e+12
0.0024    1.417194e+11    1.417194e+11    1.417194e+11    1.417194e+11
0.0056    4.751714e+09    4.751714e+09    4.751714e+09    4.751714e+09
0.0133    1.687723e+08    1.687723e+08    1.687723e+08    1.687723e+08
0.0316    6.359323e+06    6.359323e+06    6.359323e+06    6.359323e+06
0.0750    2.510189e+05    2.510189e+05    2.510189e+05    2.510189e+05
0.1778    1.056622e+04    1.056622e+04    1.056622e+04    1.056622e+04
0.4217    4.847600e+02    4.847600e+02    4.847600e+02    4.847600e+02
1.0000    2.578283e+01    2.578283e+01    2.578283e+01    2.578283e+01
